1725376919453 3.0 0
1725376919457 3.0 0
1725376919461 3.0 0
1725376919468 3.0 0
1725376919472 3.0 0
1725376919477 3.0 0
1725376919483 3.0 0
1725376919488 3.0 0
1725376919494 3.0 0
1725376919499 3.0 0
1725376919504 3.0 0
1725376919510 3.0 0
1725376919513 3.0 0
1725376919517 3.0 0
1725376919523 3.0 0
1725376919526 3.0 0
1725376919531 3.0 0
1725376919535 3.0 0
1725376919539 3.0 0
1725376919543 3.0 0
1725376919547 3.0 0
1725376919550 3.0 0
1725376919556 3.0 0
1725376919560 3.0 0
1725376919565 3.0 0
1725376919570 3.0 0
1725376919574 3.0 0
1725376919579 3.0 0
1725376919583 3.0 0
1725376919589 3.0 0
1725376919594 3.0 0
1725376919600 3.0 0
