1725376919452 3.0 0
1725376919456 3.0 0
1725376919459 3.0 0
1725376919465 3.0 0
1725376919470 3.0 0
1725376919474 3.0 0
1725376919481 3.0 0
1725376919485 3.0 0
1725376919492 3.0 0
1725376919497 3.0 0
1725376919502 3.0 0
1725376919507 3.0 0
1725376919512 3.0 0
1725376919515 3.0 0
1725376919520 3.0 0
1725376919524 3.0 0
1725376919529 3.0 0
1725376919534 3.0 0
1725376919537 3.0 0
1725376919541 3.0 0
1725376919546 3.0 0
1725376919549 3.0 0
1725376919553 3.0 0
1725376919559 3.0 0
1725376919563 3.0 0
1725376919567 3.0 0
1725376919572 3.0 0
1725376919577 3.0 0
1725376919582 3.0 0
1725376919588 3.0 0
1725376919592 3.0 0
1725376919598 3.0 0
