1725377586522 3.0 0
1725377586526 3.0 0
1725377586532 3.0 0
1725377586539 3.0 0
1725377586542 3.0 0
1725377586548 3.0 0
1725377586551 3.0 0
1725377586557 3.0 0
1725377586563 3.0 0
1725377586568 3.0 0
1725377586573 3.0 0
1725377586576 3.0 0
1725377586582 3.0 0
1725377586586 3.0 0
1725377586588 3.0 0
1725377586593 3.0 0
1725377586596 3.0 0
1725377586599 3.0 0
1725377586603 3.0 0
1725377586607 3.0 0
1725377586610 3.0 0
1725377586613 3.0 0
1725377586618 3.0 0
1725377586621 3.0 0
1725377586625 3.0 0
1725377586629 3.0 0
1725377586632 3.0 0
1725377586635 3.0 0
1725377586639 3.0 0
1725377586643 3.0 0
1725377586647 3.0 0
1725377586651 3.0 0
