1725377586523 3.0 0
1725377586530 3.0 0
1725377586535 3.0 0
1725377586540 3.0 0
1725377586545 3.0 0
1725377586550 3.0 0
1725377586553 3.0 0
1725377586559 3.0 0
1725377586565 3.0 0
1725377586570 3.0 0
1725377586574 3.0 0
1725377586578 3.0 0
1725377586583 3.0 0
1725377586587 3.0 0
1725377586590 3.0 0
1725377586594 3.0 0
1725377586598 3.0 0
1725377586600 3.0 0
1725377586605 3.0 0
1725377586609 3.0 0
1725377586611 3.0 0
1725377586616 3.0 0
1725377586620 3.0 0
1725377586623 3.0 0
1725377586627 3.0 0
1725377586631 3.0 0
1725377586633 3.0 0
1725377586637 3.0 0
1725377586641 3.0 0
1725377586645 3.0 0
1725377586648 3.0 0
1725377586653 3.0 0
